0 12079025 15314 0.893837
1 12079026 15314 0.895385
2 12079027 15314 0.897343
3 12079028 15314 0.899887
4 12079030 15314 0.902860
5 12079031 15314 0.903683
6 12079037 15314 0.905249
7 12079038 15314 0.906097
8 12079040 15314 0.906389
9 12079042 15314 0.905989
10 12079043 15314 0.905948
11 12079045 15314 0.905326
12 12079046 15314 0.905077
13 12079047 15314 0.905045
14 12080001 15314 0.904333
15 12080004 15314 0.903851
16 12080010 15315 1.108868
17 12080011 15315 1.109155
18 12080012 15315 1.109550
19 12080017 15315 1.109543
20 12080018 15315 1.109666
21 12080020 15315 1.111625
22 12080052 15316 1.042678
23 12080053 15316 1.042477
24 12080054 15316 1.042657
25 12080055 15316 1.045304
26 12080058 15316 1.049633
27 12080059 15316 1.051810
28 12080062 15316 1.055215
29 12080066 15316 1.059188
30 12080067 15316 1.062525
31 12080068 15316 1.065540
32 12080069 15316 1.066987
33 12081011 15322 0.955144
34 12081012 15322 0.955167
35 12081050 15324 1.040404
36 12081052 15324 1.038913
37 12081054 15324 1.037282
38 12081055 15324 1.036085
39 12081056 15324 1.034358
40 12081057 15324 1.033476
41 12081069 15324 1.027717
42 12082001 15324 1.018779
43 12082003 15324 1.014704
44 12082007 15324 1.011025
45 12082022 15325 0.972615
46 12082023 15325 0.973042
47 12082024 15325 0.973668
48 12083009 15335 0.944268
49 12083010 15335 0.949405
50 12083011 15335 0.953144
51 12083012 15335 0.954491
52 12083013 15335 0.955750
53 12083014 15335 0.957490
54 12083016 15335 0.959053
55 12083017 15335 0.960531
56 12083018 15335 0.962158
57 12083019 15335 0.962854
58 12083020 15335 0.964446
59 12083021 15335 0.965524
60 12083022 15335 0.966792
61 12083024 15335 0.966911
62 12083050 15337 0.896213
63 12083053 15337 0.896898
64 12083054 15337 0.897767
65 12083055 15337 0.898894
66 12083056 15337 0.899120
67 12083057 15337 0.899756
68 12083058 15337 0.900747
69 12083059 15337 0.901459
70 12083060 15337 0.901743
71 12083061 15337 0.902401
72 12084002 15337 0.903072
73 12084008 15338 1.002044
74 12084009 15338 1.000169
75 12084010 15338 0.998050
76 12084011 15338 0.996503
77 12084013 15338 0.994818
78 12084014 15338 0.993567
79 12084016 15338 0.992435
80 12084017 15338 0.991033
81 12084018 15338 0.989318
82 12085023 15356 0.976929
83 12085025 15356 0.975330
84 12085027 15356 0.975045
85 12085028 15356 0.975154
86 12085029 15356 0.974935
87 12085030 15356 0.975249
88 12085031 15356 0.975343
89 12086002 15356 0.975774
90 12086004 15356 0.977871
91 12086005 15356 0.978671
92 12086007 15356 0.979354
93 12086032 15363 1.052490
94 12086033 15363 1.052719
95 12086035 15363 1.052545
96 12086036 15363 1.052946
97 12086037 15363 1.053482
98 12086038 15363 1.053945
99 12086039 15363 1.054430
100 12086040 15363 1.054710
101 12086041 15363 1.055371
102 12086042 15363 1.055403
103 12086046 15363 1.056905
104 12086047 15363 1.057906
105 12087002 15363 1.059667
106 12087003 15363 1.060664
107 12087005 15363 1.061420
108 12087012 15364 1.047233
109 12087025 15364 1.045835
110 12087026 15364 1.045966
111 12087027 15364 1.045873
112 12087054 15364 1.046439
113 12087080 15365 0.965295
114 12087084 15365 0.965085
115 12087095 15365 0.964231
116 12087096 15365 0.964206
117 12087097 15365 0.962569
118 12087098 15365 0.961385
119 12087099 15365 0.960802
120 12087100 15365 0.960267
121 12088030 15366 0.969690
122 12088031 15366 0.969030
123 12088032 15366 0.968233
124 12088033 15366 0.967012
125 12088034 15366 0.966174
126 12088035 15366 0.965502
127 12088075 15368 1.039808
128 12088076 15368 1.038767
129 12088086 15368 1.057587
130 12088087 15368 1.059000
131 12088088 15368 1.060313
132 12089011 15370 1.043298
133 12089084 15372 1.028945
134 12089085 15372 1.029161
135 12089087 15372 1.029073
136 12089089 15372 1.029665
137 12090002 15372 1.029342
138 12090006 15372 1.029850
139 12090007 15372 1.029944
140 12090009 15372 1.030160
141 12090010 15372 1.030435
142 12090011 15372 1.030887
143 12090019 15372 1.031544
144 12090022 15372 1.031707
145 12090042 15376 0.946814
146 12090046 15376 0.946201
147 12090048 15376 0.944818
148 12090049 15376 0.944620
149 12090050 15376 0.944149
150 12090051 15376 0.943902
151 12090052 15376 0.943358
152 12090054 15376 0.940512
153 12090055 15376 0.938923
154 12090060 15376 0.934721
155 12091003 15378 0.964403
156 12091005 15378 0.963982
157 12091006 15378 0.963545
158 12091007 15378 0.963267
159 12091009 15378 0.962617
160 12091011 15378 0.962445
161 12091012 15378 0.961954
162 12091013 15378 0.961164
163 12091016 15378 0.957978
164 12091017 15378 0.957126
165 12091019 15378 0.955895
166 12091021 15378 0.954028
167 12091023 15378 0.952470
168 12091024 15378 0.950909
169 12091040 15380 1.035060
170 12091042 15380 1.035233
171 12091043 15380 1.035204
172 12091044 15380 1.035438
173 12091045 15380 1.036251
174 12091046 15380 1.037077
175 12091049 15380 1.041587
176 12091051 15380 1.043041
177 12091052 15380 1.044019
178 12092002 15380 1.046581
179 12092003 15380 1.047443
180 12092005 15380 1.047981
181 12092011 15381 1.041074
182 12092019 15381 1.041489
183 12092020 15381 1.041008
184 12092047 15386 1.048639
185 12093001 15386 1.048006
186 12093002 15386 1.047936
187 12093003 15386 1.047644
188 12093004 15386 1.047464
189 12093006 15386 1.046920
190 12093007 15386 1.046785
191 12093008 15386 1.046312
192 12093010 15386 1.046250
193 12093011 15386 1.046181
194 12093021 15390 0.979520
195 12093022 15390 0.979549
196 12093023 15390 0.979288
197 12093024 15390 0.979082
198 12093029 15392 0.964401
199 12093031 15392 0.963967
200 12093032 15392 0.963399
201 12093033 15392 0.962611
202 12093034 15392 0.961947
203 12093039 15392 0.960985
204 12093040 15392 0.960196
205 12093042 15392 0.955334
206 12093044 15392 0.951774
207 12093049 15392 0.946005
208 12093050 15392 0.943760
209 12093051 15392 0.942158
210 12094008 15393 1.036914
211 12094009 15393 1.035843
212 12094010 15393 1.035607
213 12094011 15393 1.035081
214 12094013 15393 1.034491
215 12094014 15393 1.033884
216 12094015 15393 1.033555
217 12094016 15393 1.033686
218 12094020 15393 1.033298
219 12094022 15393 1.033135
220 12094024 15393 1.032798
221 12094026 15393 1.032423
222 12094060 15397 1.038459
223 12094061 15397 1.039035
224 12094062 15397 1.039612
225 12094063 15397 1.040031
226 12094064 15397 1.040612
227 12094065 15397 1.041056
228 12095005 15397 1.042137
229 12095006 15397 1.042175
230 12095008 15397 1.042318
231 12095018 15397 1.043356
232 12095021 15397 1.043507
233 12095023 15397 1.043880
234 12095037 15399 0.964307
235 12095038 15399 0.963685
236 12095043 15399 0.963164
237 12095052 15399 0.963123
238 12095054 15399 0.962936
239 12095056 15399 0.962899
240 12095057 15399 0.962944
241 12095059 15399 0.963221
242 12095060 15399 0.963753
243 12095064 15399 0.963998
244 12096005 15402 0.993001
245 12096011 15403 0.967837
246 12096014 15403 0.967559
247 12096015 15403 0.967337
248 12096024 15403 0.965280
249 12096026 15403 0.964292
250 12096027 15403 0.963971
251 12096028 15403 0.963056
252 12096029 15403 0.962919
253 12096030 15403 0.962528
254 12096032 15403 0.962496
255 12096033 15403 0.962298
256 12096034 15403 0.962193
257 12096046 15404 1.031901
258 12096057 15408 1.033944
259 12096059 15408 1.034236
260 12096060 15408 1.034475
261 12096061 15408 1.034320
262 12097001 15408 1.034763
263 12097003 15408 1.035044
264 12097004 15408 1.035195
265 12097007 15408 1.035980
266 12097008 15408 1.035952
267 12097010 15408 1.036241
268 12097011 15408 1.037082
269 12097013 15408 1.037318
270 12097016 15408 1.037949
271 12097017 15408 1.037842
272 12097018 15408 1.038114
273 12097019 15408 1.038650
274 12097021 15408 1.038804
275 12098007 15419 1.042965
276 12098008 15419 1.042914
277 12098010 15419 1.042798
278 12098012 15419 1.043023
279 12098014 15419 1.042813
280 12098016 15419 1.042637
281 12098017 15419 1.042310
282 12098018 15419 1.042397
283 12098019 15419 1.042700
284 12098020 15419 1.042392
285 12098021 15419 1.042281
286 12098022 15419 1.042287
287 12098030 15419 1.042184
288 12098031 15419 1.042335
