12050022 4330604 4331182 15196 0.0117670486592447 1.00000000
12050023 4331559 4331806 15196 0.00211461701438753 1.00000000
12050024 4331928 4332084 15196 0.00315444498817921 1.00000000
12050025 4332265 4332459 15196 0.00290378491986831 1.00000000
12050034 4336334 4337348 15196 0.0143562377487813 1.00000000
12050035 4337418 4338225 15196 0.0129877492701947 1.00000000
12050037 4338560 4339543 15196 0.0159375453332615 1.00000000
12050038 4339677 4340678 15196 0.0161634350824931 1.00000000
12050039 4340819 4341833 15196 0.0163140179051569 1.00000000
12050040 4341974 4342993 15196 0.0163444697901 1.00000000
12050041 4343175 4344234 15196 0.0163616691441697 1.00000000
12050042 4344375 4345002 15196 0.00712723259852784 1.00000000
12050044 4346809 4347998 15196 0.0155281637673581 1.00000000
12050045 4348230 4348762 15196 0.00721865107497721 1.00000000
12050046 4348884 4349947 15196 0.0139070446427923 1.00000000
12050047 4350183 4351245 15196 0.0137108176091226 1.00000000
12050048 4351390 4351664 15196 0.0034631665479573 1.00000000
12051006 4411267 4412027 15200 0.0251368928834448 1.00000000
12051007 4412224 4413016 15200 0.0252127316873427 1.00000000
12051008 4413228 4414031 15200 0.0254871154752388 1.00000000
12051009 4414163 4414368 15200 0.00609036505283882 1.00000000
12051010 4414493 4415311 15200 0.0246728488299957 1.00000000
12051011 4415459 4416305 15200 0.025066706066839 1.00000000
12051012 4416491 4417353 15200 0.0245834306904653 1.00000000
12051013 4417486 4418364 15200 0.0247460065942314 1.00000000
12051014 4418548 4418949 15200 0.0107163231552581 1.00000000
12051020 4434427 4435257 15202 0.0200840819657892 1.00000000
12051021 4435520 4437281 15202 0.0407107634749697 1.00000000
12051022 4437609 4437763 15202 0.00315271524380372 1.00000000
12051023 4437886 4439878 15202 0.0414840945468008 1.00000000
12051024 4440090 4440616 15202 0.0104540979812996 1.00000000
12051025 4440734 4441631 15202 0.0160265471161386 1.00000000
12051026 4441761 4442659 15202 0.0157892995428087 1.00000000
12051027 4442812 4443646 15202 0.013438418207405 1.00000000
12051028 4443941 4444046 15202 0.00178131441411665 1.00000000
12051029 4444914 4446463 15202 0.0248387849082541 1.00000000
12051030 4446591 4449007 15202 0.0415176466781913 1.00000000
12051031 4449149 4451634 15202 0.0408055803019881 1.00000000
12051032 4451831 4452351 15202 0.00804557324620874 1.00000000
12051033 4452470 4454469 15202 0.0296360948543705 1.00000000
12051034 4454629 4454921 15202 0.00401934782778792 1.00000000
12051035 4455182 4455518 15202 0.00467589524459466 1.00000000
12051036 4456490 4458567 15202 0.0279542580535641 1.00000000
12051037 4458759 4460120 15202 0.0185318187109984 1.00000000
12051038 4460307 4461671 15202 0.0181406440789011 1.00000000
12051052 4474872 4475478 15205 0.0253368486648971 1.00000000
12051053 4475574 4476184 15205 0.0250860659434899 1.00000000
12051054 4476338 4476914 15205 0.0209147063538496 1.00000000
12051055 4477025 4477673 15205 0.025438948918136 1.00000000
12051059 4479547 4479672 15205 0.00348763571326367 1.00000000
12051062 4480715 4481485 15205 0.0258736576901755 1.00000000
12051063 4481811 4482587 15205 0.0253543623763365 1.00000000
12051064 4482728 4483450 15205 0.0227742263486618 1.00000000
12051065 4483600 4483890 15205 0.00701278956211178 1.00000000
12052011 4521658 4522398 15207 0.0213861813888157 1.00000000
12052012 4522539 4524054 15207 0.0426498788622751 1.00000000
12052013 4524220 4525166 15207 0.0260928314708243 1.00000000
12052014 4525451 4526461 15207 0.0278627229115096 1.00000000
12052018 4529017 4530730 15207 0.0433555028649416 1.00000000
12052019 4530838 4531474 15207 0.0110253448563824 1.00000000
12052020 4531550 4531802 15207 0.00612686019811819 1.00000000
12052021 4532289 4532469 15207 0.00421038449949535 1.00000000
12052022 4532808 4534242 15207 0.0346080900619082 1.00000000
12052023 4534396 4536183 15207 0.040880226320378 1.00000000
12052024 4536370 4537847 15207 0.0312127038169459 1.00000000
12052026 4538940 4539228 15207 0.00642787507990407 1.00000000
12052027 4539367 4541183 15207 0.040609714175764 1.00000000
12052028 4541230 4541951 15207 0.0154606246474812 1.00000000
12052029 4542384 4542528 15207 0.00174052610001745 1.00000000
12052030 4542610 4544439 15207 0.0381523673148635 1.00000000
12052031 4544600 4544749 15207 0.00282247481552332 1.00000000
12052032 4544865 4546436 15207 0.0323134693154934 1.00000000
12052033 4546594 4547222 15207 0.0123665499174765 1.00000000
12052034 4547407 4547957 15207 0.00889672391757975 1.00000000
12052046 4564612 4564687 15208 0.00183473656928796 1.00000000
12052047 4564895 4565155 15208 0.00990575350472675 1.00000000
12052048 4565354 4565661 15208 0.0120720132784867 1.00000000
12052049 4565777 4565881 15208 0.00178561769337983 1.00000000
12052050 4565989 4566380 15208 0.0139682558608307 1.00000000
12052051 4566525 4566644 15208 0.00302940683969549 1.00000000
12052052 4566764 4566836 15208 0.00150516513283062 1.00000000
12053005 4582608 4583059 15210 0.00854349596312235 1.00000000
12053006 4583305 4583949 15210 0.0102656480259634 1.00000000
12053007 4584134 4584781 15210 0.00986174362454278 1.00000000
12053008 4584910 4586250 15210 0.0192143542441559 1.00000000
12053009 4586414 4587763 15210 0.0172085804503695 1.00000000
12053010 4587961 4588319 15210 0.00306354704639002 1.00000000
12053011 4588769 4590327 15210 0.0151940581996853 1.00000000
12053013 4591423 4591829 15210 0.00307813257281384 1.00000000
12053031 4610364 4611480 15213 0.0332732092481407 1.00000000
12053036 4612493 4613054 15213 0.0151588997751534 1.00000000
12053039 4613637 4614764 15213 0.0307107686269674 1.00000000
12053040 4614888 4615143 15213 0.00468217431004784 1.00000000
12053041 4615247 4616555 15213 0.0336913867653886 1.00000000
12053042 4616809 4618094 15213 0.0317475280260487 1.00000000
12053043 4618271 4619347 15213 0.0258128648985052 1.00000000
12053044 4619812 4621211 15213 0.031782624221701 1.00000000
12053048 4622975 4623686 15213 0.0111976687765035 1.00000000
12053049 4623727 4624257 15213 0.0119108825673335 1.00000000
12053050 4624419 4625870 15213 0.0308236454660955 1.00000000
12053051 4626021 4626658 15213 0.0130469246105356 1.00000000
12053052 4626845 4626948 15213 0.00198897513598968 1.00000000
12053054 4627750 4628287 15213 0.0109323046938411 1.00000000
12053056 4630317 4631836 15213 0.0295181903083943 1.00000000
12053057 4632025 4633598 15213 0.0292943323548131 1.00000000
12053058 4633711 4634430 15213 0.0132213015533208 1.00000000
12053070 4660913 4661797 15216 0.0144680765877994 1.00000000
12054013 4672873 4673808 15217 0.0345816967635585 1.00000000
12054014 4673964 4674936 15217 0.0349205650534705 1.00000000
12054015 4675079 4675514 15217 0.0159428783782983 1.00000000
12054016 4676135 4676642 15217 0.0180389864785971 1.00000000
12054017 4676801 4677567 15217 0.0223191274852427 1.00000000
12054018 4677718 4677828 15217 0.00215687036812301 1.00000000
12054019 4678216 4679288 15217 0.0347872229446362 1.00000000
12054020 4679432 4680259 15217 0.0279308414158765 1.00000000
12054021 4680359 4681415 15217 0.0344152343307403 1.00000000
12054022 4681657 4682720 15217 0.0337079671052913 1.00000000
12054023 4682866 4682919 15217 0.00140017626614964 1.00000000
12054024 4684357 4685466 15217 0.0336979188961375 1.00000000
12054025 4685619 4686004 15217 0.0113304438469958 1.00000000
12054026 4686308 4687437 15217 0.032919893839417 1.00000000
12054027 4687572 4688726 15217 0.0330058974540694 1.00000000
12054028 4688931 4690106 15217 0.032979706166934 1.00000000
12054029 4690298 4691489 15217 0.0328568481334111 1.00000000
12054030 4691654 4692003 15217 0.00948960671212559 1.00000000
12055031 4770443 4771399 15223 0.0312061561071854 1.00000000
12055034 4772324 4773329 15223 0.03179152797886 1.00000000
12055035 4773502 4774647 15223 0.0320281812319557 1.00000000
12056007 4846755 4847266 15233 0.0201141399586545 1.00000000
12056008 4847595 4848404 15233 0.0336484746205054 1.00000000
12056009 4848580 4848844 15233 0.0116095453041153 1.00000000
12056010 4849051 4849676 15233 0.0272320670816447 1.00000000
12056011 4849831 4849930 15233 0.00368700529004941 1.00000000
12056012 4850053 4850672 15233 0.026535368425108 1.00000000
12056013 4852432 4853324 15233 0.0335345943344674 1.00000000
12056014 4853594 4854555 15233 0.0342508692726643 1.00000000
12056015 4854727 4855667 15233 0.0335521940047431 1.00000000
12056016 4855853 4856830 15233 0.0334154003412123 1.00000000
12056017 4857122 4857975 15233 0.0278955225393229 1.00000000
12056018 4858299 4859007 15233 0.0219994832841423 1.00000000
12056019 4859126 4860162 15233 0.0324415831611629 1.00000000
12056020 4860317 4860985 15233 0.016600811362982 1.00000000
12057008 4930225 4930639 15239 0.0183955452641 1.00000000
12057009 4931053 4931472 15239 0.0185198596409738 1.00000000
12057010 4931670 4932151 15239 0.0184189498988281 1.00000000
12057011 4932346 4933142 15239 0.0187358660636668 1.00000000
12057012 4933287 4933732 15239 0.018417841906543 1.00000000
12057013 4933883 4934832 15239 0.0367113921714193 1.00000000
12057014 4935248 4936179 15239 0.0363749138138613 1.00000000
12057015 4936343 4936402 15239 0.00187865223039986 1.00000000
12057016 4936525 4937455 15239 0.0344214531179188 1.00000000
12057017 4937608 4938225 15239 0.0184230009578515 1.00000000
12057018 4938515 4938738 15239 0.00339710193312737 1.00000000
12057019 4939159 4940237 15239 0.0338717854384745 1.00000000
12057020 4940539 4941572 15239 0.0334742459723661 1.00000000
12057022 4942130 4942996 15239 0.0273092053143304 1.00000000
12057035 4984186 4984341 15243 0 1.00000000
12057050 5003358 5003729 15244 0.0172668915133603 1.00000000
12057051 5003919 5004455 15244 0.027890195147938 1.00000000
12057052 5004585 5005663 15244 0.0348577723846376 1.00000000
12057053 5005809 5006475 15244 0.0300198259447577 1.00000000
12057054 5006608 5007276 15244 0.0325123422567551 1.00000000
12057055 5007474 5008220 15244 0.0344299549742835 1.00000000
12057057 5008498 5009267 15244 0.0348235102726986 1.00000000
12057058 5009405 5009919 15244 0.0229717840405644 1.00000000
12057059 5010060 5010477 15244 0.0173851658486042 1.00000000
12057060 5010626 5011438 15244 0.0348335751444767 1.00000000
12058001 5011600 5011798 15244 0.00772063516360598 1.00000000
12058003 5013035 5013353 15244 0.0125429175321567 1.00000000
12058004 5014220 5014317 15244 0.00345264910474394 1.00000000
12058005 5014393 5015144 15244 0.0277902509072044 1.00000000
12058011 5017672 5018615 15244 0.0339100031670357 1.00000000
12058012 5018774 5019282 15244 0.0178160716940548 1.00000000
12058013 5019435 5019767 15244 0.0114148065771763 1.00000000
12058014 5019902 5020928 15244 0.0334071728468249 1.00000000
12058015 5021272 5022289 15244 0.033690061547256 1.00000000
12058016 5022438 5023441 15244 0.0330396608690666 1.00000000
12058017 5023578 5023865 15244 0.00897912725632669 1.00000000
12058018 5024341 5025194 15244 0.0266679135883993 1.00000000
12058019 5025331 5026420 15244 0.0329316304813399 1.00000000
12058021 5026989 5028074 15244 0.0327217997705445 1.00000000
12058022 5028213 5029072 15244 0.0036357770376775 1.00000000
12058024 5029766 5030279 15244 0.0130867924442186 1.00000000
12058040 5078654 5079240 15249 0.0165729115700777 1.00000000
12058048 5081346 5081960 15249 0.0161701917397165 1.00000000
12058049 5082201 5082824 15249 0.015990516424256 1.00000000
12058050 5082926 5083863 15249 0.0240213597230131 1.00000000
12058052 5084607 5085886 15249 0.0320410989616959 1.00000000
12058054 5086582 5087014 15249 0.0103694342797492 1.00000000
12058055 5087428 5088758 15249 0.0311328434731008 1.00000000
12058057 5089140 5090510 15249 0.0313886581872362 1.00000000
12058058 5090647 5091433 15249 0.0176331219566243 1.00000000
12059006 5116869 5117288 15251 0.0176313779321032 1.00000000
12059007 5117501 5117947 15251 0.0176456068417958 1.00000000
12059008 5118112 5118292 15251 0.00640671900336744 1.00000000
12059009 5118413 5119311 15251 0.0338032701271938 1.00000000
12059010 5119844 5120143 15251 0.0117967215370104 1.00000000
12059011 5120263 5120857 15251 0.0236906084302206 1.00000000
12059012 5121406 5121954 15251 0.0174730317422881 1.00000000
12059013 5122320 5122788 15251 0.0174796514283233 1.00000000
12059016 5123387 5124006 15251 0.0233863656950299 1.00000000
12059017 5124552 5125501 15251 0.0330681406506008 1.00000000
12059018 5125657 5126348 15251 0.023623356680229 1.00000000
12059019 5126458 5126741 15251 0.00932888157744861 1.00000000
12059020 5126898 5127998 15251 0.0333535622107102 1.00000000
12059021 5128148 5128700 15251 0.0165105709593253 1.00000000
12059022 5128809 5128872 15251 0.00173636692469114 1.00000000
12059024 5130064 5130175 15251 0.00192845266393111 1.00000000
12059027 5130679 5131276 15251 0.01694711610513 1.00000000
12059028 5131422 5131902 15251 0.0119989181510646 1.00000000
12059029 5132398 5132735 15251 0.0069290027161372 1.00000000
12059030 5132892 5133993 15251 0.0331409014720867 1.00000000
12059031 5134226 5134417 15251 0.00536924762005526 1.00000000
12059035 5136360 5136588 15251 0.00168780614599544 1.00000000
12059036 5136721 5137765 15251 0.0298931440028975 1.00000000
12059037 5138008 5139166 15251 0.0323896764864003 1.00000000
12059038 5139334 5140532 15251 0.0321936134333083 1.00000000
12059039 5140765 5141825 15251 0.0286518529141798 1.00000000
12059070 5174984 5175224 15254 0.00768870656526512 1.00000000
12059071 5175346 5175962 15254 0.0222415296831739 1.00000000
12059077 5177404 5178308 15254 0.033142503214372 1.00000000
12059078 5178476 5178730 15254 0.00890455188174646 1.00000000
12059079 5178890 5180331 15254 0.0494139577247721 1.00000000
12059080 5180505 5180676 15254 0.0047991420537833 1.00000000
12059082 5180929 5181904 15254 0.0332630519157006 1.00000000
12059083 5182054 5183052 15254 0.0335814699440213 1.00000000
12059084 5183303 5184329 15254 0.0331273969678036 1.00000000
12060001 5184575 5185317 15254 0.0239166398211905 1.00000000
12060004 5186222 5187258 15254 0.0327747294290724 1.00000000
12060005 5187501 5188554 15254 0.0330363384109726 1.00000000
12060006 5188703 5189756 15254 0.0326136825414221 1.00000000
12060007 5189931 5190915 15254 0.0295238144501636 1.00000000
12060009 5191291 5192380 15254 0.0318523509749433 1.00000000
12060010 5192659 5193766 15254 0.0316402457032371 1.00000000
12060011 5193910 5194805 15254 0.0254518764501511 1.00000000
12060012 5195063 5195129 15254 0.00156582275334658 1.00000000
12060030 5209198 5209868 15255 0.0333776384607443 1.00000000
12060032 5210365 5210426 15255 0.00253510979986905 1.00000000
12060033 5210532 5211255 15255 0.0338163062569441 1.00000000
12060034 5211470 5212209 15255 0.0338079472764508 1.00000000
12060035 5212388 5213154 15255 0.0337138026074981 1.00000000
12060036 5213278 5214102 15255 0.0340760856632021 1.00000000
12060037 5214248 5215133 15255 0.0340939068948615 1.00000000
12060038 5215289 5216137 15255 0.0339514581695312 1.00000000
12060039 5216301 5216533 15255 0.00879743627858441 1.00000000
12060040 5216838 5217713 15255 0.0340808280271884 1.00000000
12060041 5217874 5218767 15255 0.033789340735163 1.00000000
12060042 5218925 5219854 15255 0.0334444515256268 1.00000000
12060043 5220011 5220924 15255 0.0328165282746774 1.00000000
12060044 5221075 5222004 15255 0.0329249003918262 1.00000000
12060045 5222155 5223347 15255 0.0407192566373958 1.00000000
12060046 5223579 5224580 15255 0.0328105164933477 1.00000000
12060047 5224722 5225746 15255 0.0329703658744726 1.00000000
12060048 5225919 5226997 15255 0.0332787524881175 1.00000000
12060049 5227575 5228670 15255 0.0322835331500487 1.00000000
12060051 5229037 5229394 15255 0.00993103985384746 1.00000000
12060056 5231828 5232421 15255 0.0160491823521604 1.00000000
12060058 5232967 5233213 15255 0.00633913123736413 1.00000000
12062011 5375039 5375927 15261 0.0329191642970473 1.00000000
12062012 5376100 5377012 15261 0.0318499691375581 1.00000000
12062013 5377180 5378372 15261 0.0384651843301831 1.00000000
12062014 5378547 5379543 15261 0.0308822440745455 1.00000000
12062015 5379698 5380697 15261 0.0296190626329422 1.00000000
12062016 5381027 5381957 15261 0.0250769432724597 1.00000000
12062017 5382220 5383198 15261 0.0270371179461301 1.00000000
12062018 5383346 5384499 15261 0.0305856778263065 1.00000000
12062019 5384661 5385474 15261 0.0202911161137365 1.00000000
12062021 5386099 5387369 15261 0.0303616906066155 1.00000000
12062022 5387530 5388150 15261 0.0125677230251853 1.00000000
12064003 5530169 5530708 15280 0.0237529797370694 1.00000000
12064005 5531107 5531444 15280 0.0149316613318414 1.00000000
12064007 5531823 5532144 15280 0.0119133911658119 1.00000000
12064008 5532296 5532657 15280 0.0145003865648839 1.00000000
12064010 5533015 5533733 15280 0.0289935608051517 1.00000000
12064011 5534301 5535874 15280 0.0558994507262974 1.00000000
12064012 5536024 5536805 15280 0.0281091449295361 1.00000000
12064013 5536951 5537735 15280 0.0262671332701869 1.00000000
12064014 5537874 5538676 15280 0.0261497688196072 1.00000000
12064015 5538838 5539664 15280 0.0258093558010879 1.00000000
12064016 5539799 5540348 15280 0.0164950927330313 1.00000000
12064026 5544856 5545786 15280 0.0250249041853885 1.00000000
12064027 5546030 5547135 15280 0.0285597663745905 1.00000000
12064028 5547290 5548438 15280 0.0284425391498906 1.00000000
12064029 5548587 5549727 15280 0.0266288261480444 1.00000000
12064033 5550887 5551093 15280 0.00308766182014255 1.00000000
12064034 5551216 5551802 15280 0.0132782491261705 1.00000000
12064035 5552212 5553449 15280 0.0271768900587966 1.00000000
12064036 5553638 5554901 15280 0.0265381743588471 1.00000000
12064040 5556714 5557759 15280 0.0210094716497262 1.00000000
12064042 5560674 5562103 15280 0.0262550564025938 1.00000000
12064043 5562266 5562904 15280 0.0116377951764993 1.00000000
12064044 5563033 5564472 15280 0.0258593196583684 1.00000000
12064045 5564628 5565207 15280 0.0102286498610521 1.00000000
12064047 5565692 5565735 15280 0.000446967183951238 1.00000000
12064058 5582007 5582910 15283 0.0279301823840998 1.00000000
12064059 5583063 5583999 15283 0.0265893737161942 1.00000000
12064060 5584225 5585147 15283 0.0233886072816729 1.00000000
12064061 5585320 5586325 15283 0.0221671468500361 1.00000000
12064062 5586495 5587576 15283 0.0211833296002531 1.00000000
12064063 5587736 5588895 15283 0.0208418011135858 1.00000000
12064064 5589035 5590245 15283 0.0207065730789997 1.00000000
12064065 5590453 5591689 15283 0.0203163219964626 1.00000000
12064066 5591827 5592935 15283 0.0175740096289071 1.00000000
12064067 5593142 5594483 15283 0.0199368368299748 1.00000000
12064068 5594635 5595045 15283 0.00409747350136699 1.00000000
12064069 5595175 5596521 15283 0.0190060226569488 1.00000000
12064070 5596671 5598074 15283 0.0187518744592026 1.00000000
12064071 5598227 5599660 15283 0.0181360476977093 1.00000000
12064084 5609818 5610744 15284 0.0343742461492036 1.00000000
12064085 5610892 5611525 15284 0.0223342662224432 1.00000000
12064086 5611683 5612697 15284 0.0334009252129573 1.00000000
12064087 5612840 5613907 15284 0.0320203136814002 1.00000000
12064088 5614054 5614215 15284 0.00435244834939797 1.00000000
12064090 5615049 5616210 15284 0.0319371693310195 1.00000000
12065001 5616354 5616438 15284 0.00203638940550984 1.00000000
12065004 5618047 5618642 15284 0.0154815310543108 1.00000000
12065006 5619206 5620444 15284 0.0314490155071364 1.00000000
12065007 5620629 5621901 15284 0.0316612677805299 1.00000000
12065009 5622491 5623862 15284 0.032787797160105 1.00000000
12065011 5624168 5624793 15284 0.0140639471296493 1.00000000
12065016 5629637 5630084 15284 0.00995727702252047 1.00000000
12065018 5630730 5631396 15284 0.0140158641504218 1.00000000
12075019 6539097 6539893 15299 0.0265032486630767 1.00000000
12075021 6540296 6541070 15299 0.023530022125133 1.00000000
12075022 6541163 6541997 15299 0.0242906146066431 1.00000000
12075024 6542700 6544057 15299 0.0377529356207728 1.00000000
12075025 6544259 6544863 15299 0.0119440493671565 1.00000000
12075027 6545141 6545811 15299 0.0144813161340639 1.00000000
12075028 6545924 6547161 15299 0.0290274420325809 1.00000000
12075029 6547377 6548267 15299 0.013431982120905 1.00000000
12075030 6548408 6549327 15299 0.0204551187321246 1.00000000
12075031 6550542 6551582 15299 0.0214162227250647 1.00000000
12075032 6551819 6553195 15299 0.0264481377681107 1.00000000
12075033 6553367 6554761 15299 0.0259023960529127 1.00000000
12075034 6554924 6555774 15299 0.0149206236553951 1.00000000
12075039 6556730 6557297 15299 0.00959553016142197 1.00000000
12075040 6557413 6558875 15299 0.0241432760479389 1.00000000
12075041 6559024 6560517 15299 0.0242848985582119 1.00000000
12075042 6560846 6562370 15299 0.0237283001193189 1.00000000
12075043 6562566 6564081 15299 0.022932394791692 1.00000000
12076002 6565244 6565818 15299 0.00816071577310892 1.00000000
12076007 6576051 6576835 15300 0.0342764806355018 1.00000000
12076008 6576988 6577790 15300 0.0328508079314538 1.00000000
12076009 6578007 6578732 15300 0.0289246681895233 1.00000000
12076027 6599081 6599139 15302 0.000564162479208146 1.00000000
12076029 6600282 6601220 15302 0.0307605834765433 1.00000000
12076031 6601519 6601893 15302 0.00957366781788736 1.00000000
12076034 6602251 6602579 15302 0 1.00000000
12079005 6852491 6853770 15312 0.0241501311877506 1.00000000
12079026 6884374 6885234 15314 0.0384227359061651 1.00000000
12079027 6885385 6886748 15314 0.0538966504383561 1.00000000
12079028 6886909 6887825 15314 0.0322878867027137 1.00000000
12079030 6888263 6889739 15314 0.0461437510980761 1.00000000
12079031 6889936 6890441 15314 0.0145707748369744 1.00000000
12079033 6891031 6891200 15314 0.00449534718105154 1.00000000
12079035 6891737 6891744 15314 0 1.00000000
12079038 6892690 6894271 15314 0.0395815407795092 1.00000000
12079039 6894418 6895513 15314 0.0254828366673645 1.00000000
12079040 6895671 6896884 15314 0.0273497871913258 1.00000000
12079041 6897024 6898185 15314 0.0248655774538248 1.00000000
12079042 6898289 6899485 15314 0.0248786892834999 1.00000000
12079043 6899694 6901026 15314 0.0234322965806751 1.00000000
12079045 6901895 6903100 15314 0.0234321016563308 1.00000000
12079046 6903260 6904498 15314 0.0232745118519767 1.00000000
12079047 6904651 6905911 15314 0.0228613445540469 1.00000000
12079049 6906284 6907177 15314 0.0133152214886489 1.00000000
12079050 6907301 6908584 15314 0.0221753502965798 1.00000000
12080001 6908739 6910029 15314 0.0218403312879821 1.00000000
12080004 6911246 6912567 15314 0.0214116865080063 1.00000000
12080010 6927189 6927549 15315 0.0197617755645218 1.00000000
12080011 6927762 6929158 15315 0.0685984034285979 1.00000000
12080012 6929314 6930814 15315 0.0690990157952493 1.00000000
12080016 6931804 6931855 15315 5.6418398109284e-05 1.00000000
12080017 6932015 6933630 15315 0.0631416985754601 1.00000000
12080018 6934181 6935883 15315 0.0587479993954619 1.00000000
12080020 6936505 6937513 15315 0.0275286777867409 1.00000000
12080052 6953726 6954811 15316 0.0410938383185687 1.00000000
12080053 6954966 6955233 15316 0.00937605041977445 1.00000000
12080054 6955578 6956684 15316 0.0372948967404689 1.00000000
12080055 6956852 6958803 15316 0.0597692155349951 1.00000000
12080058 6959604 6960480 15316 0.0228970680945111 1.00000000
12080059 6960646 6961899 15316 0.0309158005663899 1.00000000
12080062 6962829 6963770 15316 0.0213468164756638 1.00000000
12080064 6964142 6964256 15316 0.00229084424838834 1.00000000
12080066 6964894 6967444 15316 0.0508536459232918 1.00000000
12080067 6967606 6969245 15316 0.0304703152735387 1.00000000
12080068 6970209 6971567 15316 0.0231276006214279 1.00000000
12080069 6971721 6973101 15316 0.0220978546576562 1.00000000
12080070 6973259 6974370 15316 0.0169433536711321 1.00000000
12081009 7021168 7021406 15322 0.0132855960497285 1.00000000
12081011 7022360 7024344 15322 0.0979766648660985 1.00000000
12081012 7024480 7025960 15322 0.0687552771454754 1.00000000
12081013 7026116 7028312 15322 0.0879433058150471 1.00000000
12081014 7028501 7031057 15322 0.0965774738421073 1.00000000
12081015 7031412 7031621 15322 0.00713805407887357 1.00000000
12081016 7031886 7032410 15322 0.0171970906359019 1.00000000
12081020 7033054 7035399 15322 0.0699736504137532 1.00000000
12081021 7035564 7038086 15322 0.0628459724465312 1.00000000
12081022 7038225 7040869 15322 0.0572331822581419 1.00000000
12081023 7040968 7041735 15322 0.0153917041745819 1.00000000
12081024 7042405 7045236 15322 0.0517747118662495 1.00000000
12081025 7045377 7046598 15322 0.0200353359946053 1.00000000
12081027 7047825 7048093 15322 0.00389771775068512 1.00000000
12081050 7065393 7067292 15324 0.0980242444782231 1.00000000
12081052 7067444 7068541 15324 0.0505514064670341 1.00000000
12081053 7068723 7068991 15324 0.0114567131736733 1.00000000
12081055 7070823 7073007 15324 0.0811086058198877 1.00000000
12081056 7073178 7075520 15324 0.0757130117496496 1.00000000
12081057 7075675 7076421 15324 0.0223988772092828 1.00000000
12081069 7078560 7080543 15324 0.0441217627591539 1.00000000
12081070 7080690 7083451 15324 0.050568823912879 1.00000000
12082001 7083634 7086693 15324 0.0483442908220458 1.00000000
12082002 7086930 7087633 15324 0.0107399478374698 1.00000000
12082003 7087738 7090825 15324 0.0453044750815913 1.00000000
12082004 7090962 7091383 15324 0.0056886506299295 1.00000000
12082005 7091499 7091723 15324 0.0029308643894513 1.00000000
12082007 7092721 7093189 15324 0.00600004893092932 1.00000000
12082022 7103342 7105307 15325 0.0980232549465817 1.00000000
12082023 7105457 7107614 15325 0.0934482994792888 1.00000000
12082024 7107779 7108514 15325 0.0269633258541108 1.00000000
12083020 7205106 7206879 15335 0.0396521210469331 1.00000000
12083021 7207011 7209116 15335 0.0438776672208759 1.00000000
12083022 7209254 7211383 15335 0.0430709694392132 1.00000000
12083023 7211527 7211723 15335 0.00363194206904674 1.00000000
12083024 7211833 7212446 15335 0.011623915319012 1.00000000
12083045 7230199 7231145 15337 0.0480624821355018 1.00000000
12083046 7231277 7231477 15337 0.00887581141955843 1.00000000
12083047 7231622 7233233 15337 0.0861343242043812 1.00000000
12083048 7233330 7233396 15337 0.00304211752871716 1.00000000
12083050 7234158 7234461 15337 0.0178701830476568 1.00000000
12083051 7234555 7234807 15337 0.013416714117591 1.00000000
12083052 7234952 7235812 15337 0.0486062534738426 1.00000000
12083053 7235928 7237926 15337 0.101941276470287 1.00000000
12083054 7238062 7239454 15337 0.0651360486699451 1.00000000
12083055 7240008 7242221 15337 0.0880784382571353 1.00000000
12083056 7242486 7244580 15337 0.0800696973154619 1.00000000
12083057 7244727 7246805 15337 0.0743514799074226 1.00000000
12083058 7246931 7247778 15337 0.0278649864502725 1.00000000
12083059 7248091 7250285 15337 0.0696479045147608 1.00000000
12083060 7250898 7253286 15337 0.0689433033989053 1.00000000
12083061 7253487 7254651 15337 0.0307913064176991 1.00000000
12084004 7256589 7256826 15337 0.00529625461514576 1.00000000
12084009 7267170 7269218 15338 0.102753753593827 1.00000000
12084010 7269499 7271360 15338 0.098482741856931 1.00000000
12084011 7271515 7273304 15338 0.0944918727378064 1.00000000
12084012 7273451 7273701 15338 0.0119899993574277 1.00000000
12084013 7273857 7275776 15338 0.0892075341209255 1.00000000
12084014 7275927 7276414 15338 0.022357367466209 1.00000000
12084015 7276608 7276813 15338 0.00893366461299707 1.00000000
12084016 7277037 7279029 15338 0.0839476127880202 1.00000000
12084017 7279175 7281231 15338 0.0800712844929924 1.00000000
12084018 7281442 7283584 15338 0.0765378048979832 1.00000000
12084019 7283732 7285945 15338 0.0720136769346563 1.00000000
12084020 7286324 7288476 15338 0.0632406567655917 1.00000000
12084021 7289523 7290427 15338 0.0236537907202743 1.00000000
12085023 7412803 7414952 15356 0.113898024954169 1.00000000
12085024 7415113 7415491 15356 0.00628244048383349 1.00000000
12085025 7415621 7416896 15356 0.0553503117840778 1.00000000
12085026 7417040 7418113 15356 0.0424978544547877 1.00000000
12085027 7418231 7420313 15356 0.0785570059906782 1.00000000
12085028 7420457 7422621 15356 0.0742613325624015 1.00000000
12085029 7422777 7423187 15356 0.0127487613854666 1.00000000
12085030 7423845 7426105 15356 0.0682957192675691 1.00000000
12085031 7426276 7428074 15356 0.0503789049167918 1.00000000
12086001 7428267 7430647 15356 0.0619076760306706 1.00000000
12086002 7430821 7432906 15356 0.0509495140536536 1.00000000
12086004 7435131 7437495 15356 0.0445686003574768 1.00000000
12086005 7437689 7438239 15356 0.00963802497033477 1.00000000
12086006 7438337 7438651 15356 0.00522584279674166 1.00000000
12086007 7438707 7440802 15356 0.0339164874548342 1.00000000
12086017 7449994 7450121 15357 0.000963409617009385 1.00000000
12086019 7451191 7451926 15357 0.00643523770410989 1.00000000
12086020 7452085 7452950 15357 0.00483662482991653 1.00000000
12086033 7493581 7494044 15363 0.0246171895076592 1.00000000
12086034 7494189 7494507 15363 0.0162532861476872 1.00000000
12086035 7494723 7495118 15363 0.0197084508440493 1.00000000
12086037 7496449 7497716 15363 0.0559526386486489 1.00000000
12086038 7497872 7500163 15363 0.0884586384961223 1.00000000
12086039 7500316 7502350 15363 0.0684638429020162 1.00000000
12086040 7503183 7505618 15363 0.0693510771374192 1.00000000
12086041 7505787 7507767 15363 0.0548410085650185 1.00000000
12086042 7507897 7509635 15363 0.0455883967273367 1.00000000
12086046 7511217 7511951 15363 0.0179311602131864 1.00000000
12086047 7512175 7513497 15363 0.0312828412270787 1.00000000
12087002 7514185 7516576 15363 0.0535966639842343 1.00000000
12087003 7516731 7517682 15363 0.020308953617943 1.00000000
12087004 7517920 7518188 15363 0.00545438857547969 1.00000000
12087005 7518323 7519144 15363 0.0171446467493111 1.00000000
12087012 7531455 7533674 15364 0.127745624172298 1.00000000
12087023 7538370 7540006 15364 0.062671973884547 1.00000000
12087025 7540434 7542666 15364 0.0896466701463137 1.00000000
12087026 7542868 7543458 15364 0.0221908789782697 1.00000000
12087027 7543610 7544241 15364 0.0233592523975999 1.00000000
12087032 7545628 7548100 15364 0.0747466414213107 1.00000000
12087033 7548270 7548438 15364 0.00447636020550068 1.00000000
12087034 7548600 7549212 15364 0.0059190747430967 1.00000000
12087035 7549418 7549448 15364 0 1.00000000
12087037 7549939 7550667 15364 0 1.00000000
12087039 7551264 7551320 15364 0 1.00000000
12087042 7551993 7552083 15364 0 1.00000000
12087053 7553989 7554303 15364 0.00491813771214953 1.00000000
12087054 7554597 7556468 15364 0.0258974108938974 1.00000000
12087056 7557413 7557534 15364 0.00149283565454992 1.00000000
12087080 7574447 7576364 15365 0.0880729484944467 1.00000000
12087084 7578065 7578566 15365 0.0187774002261257 1.00000000
12087085 7578721 7579037 15365 0.0117984068208277 1.00000000
12087095 7581083 7582670 15365 0.0462548844549108 1.00000000
12087096 7582801 7585032 15365 0.069191547343224 1.00000000
12087097 7585846 7588347 15365 0.0664765143422514 1.00000000
12087098 7588538 7590832 15365 0.0558115732064006 1.00000000
12087099 7591030 7593392 15365 0.0566731138114244 1.00000000
12087100 7593548 7594294 15365 0.0175363147130259 1.00000000
12087101 7594684 7596831 15365 0.0439021680415561 1.00000000
12087102 7597029 7597344 15365 0.00427154115103591 1.00000000
12088030 7621067 7621703 15366 0.0154769136344789 1.00000000
12088031 7621844 7623191 15366 0.0313238539463436 1.00000000
12088032 7623345 7624797 15366 0.0303923186550651 1.00000000
12088033 7625073 7626452 15366 0.0274735843397262 1.00000000
12088034 7626611 7628005 15366 0.0264244147507569 1.00000000
12088035 7628225 7628896 15366 0.0120634310136591 1.00000000
12088075 7659879 7660851 15368 0.0311947169321594 1.00000000
12088076 7661000 7662944 15368 0.0562611090550267 1.00000000
12088077 7663287 7664280 15368 0.0258823289172151 1.00000000
12088078 7665270 7667364 15368 0.0429754370286692 1.00000000
12088079 7667987 7670100 15368 0.0402782680732925 1.00000000
12088080 7670591 7672795 15368 0.0383441470579182 1.00000000
12088081 7673140 7673698 15368 0.00901226237136305 1.00000000
12088084 7675087 7675120 15368 0.00024005185432925 1.00000000
12088086 7676125 7678387 15368 0.0334373012234613 1.00000000
12088087 7678534 7679355 15368 0.0114886907475958 1.00000000
12088088 7679509 7680515 15368 0.014712014806173 1.00000000
12089010 7712319 7712464 15370 0.00505915581620753 1.00000000
12089011 7712604 7713198 15370 0.0170471157626168 1.00000000
12089085 7763920 7765881 15372 0.1098788752412 1.00000000
12089086 7766095 7766733 15372 0.0310890630340903 1.00000000
12089087 7766844 7769082 15372 0.0972049886180834 1.00000000
12089088 7769251 7769694 15372 0.0135815460782915 1.00000000
12090001 7772727 7772971 15372 0.000395250686454409 1.00000000
12090002 7773072 7774614 15372 0.0527328899728582 1.00000000
12090003 7775376 7775654 15372 0.00820120309225137 1.00000000
12090006 7776093 7777634 15372 0.0465188532990778 1.00000000
12090007 7777828 7778486 15372 0.0187200657258524 1.00000000
12090009 7778900 7780427 15372 0.0412300038605374 1.00000000
12090010 7780565 7782252 15372 0.0437337799222875 1.00000000
12090011 7782388 7784355 15372 0.0472206741637022 1.00000000
12090017 7785527 7786410 15372 0.0171469130699814 1.00000000
12090019 7787121 7788121 15372 0.0214779344575196 1.00000000
12090020 7788281 7788539 15372 0.00516958943157558 1.00000000
12090021 7788695 7789836 15372 0.0218908389882182 1.00000000
12090022 7790038 7790872 15372 0.0164832648952456 1.00000000
12090042 7821851 7823374 15376 0.0807259132652997 1.00000000
12090043 7823519 7823822 15376 0.0144261219355935 1.00000000
12090045 7824134 7824883 15376 0.0354587817219916 1.00000000
12090046 7825284 7827038 15376 0.0755693320059958 1.00000000
12090047 7827191 7828728 15376 0.0617200993270846 1.00000000
12090048 7829215 7830861 15376 0.0589464478359482 1.00000000
12090049 7831006 7832664 15376 0.0564553802996901 1.00000000
12090050 7832804 7834463 15376 0.0524489784344671 1.00000000
12090051 7834597 7836292 15376 0.0497341148284961 1.00000000
12090052 7836483 7838155 15376 0.0476246442150196 1.00000000
12090053 7838282 7840006 15376 0.0450513695836399 1.00000000
12090054 7840143 7841421 15376 0.0316327862582202 1.00000000
12090055 7841570 7842392 15376 0.019200606115846 1.00000000
12090060 7847641 7848610 15376 0.0194575053147574 1.00000000
12091004 7864001 7864150 15378 0.00811845193045259 1.00000000
12091005 7864299 7865395 15378 0.0584205273639577 1.00000000
12091006 7865555 7866707 15378 0.0559559818164944 1.00000000
12091007 7866880 7868362 15378 0.0689744445286186 1.00000000
12091009 7868711 7870525 15378 0.0755195313242605 1.00000000
12091010 7870671 7870921 15378 0.0094968303288525 1.00000000
12091011 7871079 7872844 15378 0.0654001290128292 1.00000000
12091012 7873002 7875057 15378 0.0697340319434683 1.00000000
12091013 7875717 7876116 15378 0.0110722240805646 1.00000000
12091014 7876220 7877793 15378 0.0458473630267318 1.00000000
12091016 7878237 7879892 15378 0.0436042148417486 1.00000000
12091017 7880001 7881607 15378 0.0392771652917554 1.00000000
12091018 7881708 7881977 15378 0.00607594192096032 1.00000000
12091019 7882103 7883736 15378 0.0365834953697946 1.00000000
12091021 7885132 7886981 15378 0.0371142464603464 1.00000000
12091022 7887199 7888174 15378 0.015487751987534 1.00000000
12091023 7888425 7889329 15378 0.0164563240312976 1.00000000
12091041 7925183 7925343 15380 0.0093462743262689 1.00000000
12091042 7925519 7926504 15380 0.0555537402040026 1.00000000
12091043 7926658 7928232 15380 0.0795260568807635 1.00000000
12091044 7928355 7930061 15380 0.0743322959066175 1.00000000
12091045 7930208 7931920 15380 0.0646578964501409 1.00000000
12091046 7932048 7934290 15380 0.0710223163026341 1.00000000
12091047 7934592 7936609 15380 0.0578405981903417 1.00000000
12091048 7936772 7937323 15380 0.00644970353477527 1.00000000
12091049 7937449 7939236 15380 0.042842330829272 1.00000000
12091051 7939587 7941427 15380 0.0406805775366627 1.00000000
12091052 7941564 7943528 15380 0.0396610095235279 1.00000000
12091053 7943668 7944873 15380 0.0193202436381878 1.00000000
12091054 7945030 7945745 15380 0.0126047141469717 1.00000000
12092001 7945838 7946503 15380 0.0117050955556244 1.00000000
12092002 7946600 7948166 15380 0.0263291500569719 1.00000000
12092003 7948278 7949348 15380 0.0168995911558043 1.00000000
12092004 7949487 7949727 15380 0.00353679473463396 1.00000000
12092005 7949879 7951090 15380 0.0179761767887527 1.00000000
12092020 7970545 7971016 15381 0.0315886010700192 1.00000000
12092021 7971453 7971757 15381 0.0172130026073892 1.00000000
12092037 8020161 8020283 15384 0.00644459061122485 1.00000000
12092038 8020409 8020915 15384 0.0345369809247482 1.00000000
12092039 8021052 8021520 15384 0.0283033050865659 1.00000000
12092040 8021654 8021818 15384 0.0101113769793055 1.00000000
12092041 8022034 8022337 15384 0.0174601970872176 1.00000000
12092043 8023969 8025431 15384 0.108914263533676 1.00000000
12092044 8025745 8027527 15384 0.1301596465113 1.00000000
12092045 8027675 8029520 15384 0.128679704196573 1.00000000
12092046 8029674 8030925 15384 0.0849799866685517 1.00000000
12092047 8031145 8031998 15386 0.0555667095122767 1.00000000
12093001 8032146 8033104 15386 0.0613860602770741 1.00000000
12093002 8033282 8035008 15386 0.109369019944622 1.00000000
12093003 8035163 8037072 15386 0.113835380706961 1.00000000
12093004 8037219 8039144 15386 0.113061768008927 1.00000000
12093005 8039322 8039562 15386 0.0132840753571393 1.00000000
12093006 8039704 8040616 15386 0.0515997535114355 1.00000000
12093007 8041265 8043236 15386 0.108717480681722 1.00000000
12093008 8043534 8044540 15386 0.0538415226499379 1.00000000
12093009 8044687 8044797 15386 0.00533946079065758 1.00000000
12093010 8045008 8045449 15386 0.0229666851645626 1.00000000
12093011 8045616 8046312 15386 0.0367780851959706 1.00000000
12093012 8046447 8046676 15386 0.0114066836261566 1.00000000
12093014 8047651 8047832 15386 0.00858946027965808 1.00000000
12093023 8072429 8074176 15390 0.13359427009308 1.00000000
12093024 8074361 8076273 15390 0.137119330813863 1.00000000
12093025 8076416 8076750 15390 0.0190123414040933 1.00000000
12093030 8093114 8093325 15392 0.0146545415395588 1.00000000
12093031 8093471 8095394 15392 0.130891880025517 1.00000000
12093032 8095558 8097740 15392 0.126076294842605 1.00000000
12093033 8097889 8100185 15392 0.116180786894516 1.00000000
12093034 8100334 8101394 15392 0.0484960941639967 1.00000000
12093036 8101796 8103305 15392 0.0650871901290467 1.00000000
12093037 8103440 8103584 15392 0.00455678002567262 1.00000000
12093039 8103837 8106193 15392 0.0939484916878937 1.00000000
12093040 8106273 8107710 15392 0.0519497764478155 1.00000000
12093041 8107939 8108246 15392 0.00243866817156189 1.00000000
12093042 8108373 8110219 15392 0.0559397246735512 1.00000000
12093044 8110719 8111142 15392 0.0104539838420306 1.00000000
12093049 8113270 8115223 15392 0.04155620124713 1.00000000
12093050 8115377 8116374 15392 0.0190882347504823 1.00000000
12093051 8116508 8117289 15392 0.0137114658330202 1.00000000
12094001 8118334 8118387 15392 0.000452253230188323 1.00000000
12094009 8129060 8130378 15393 0.0953998452366943 1.00000000
12094010 8130505 8132058 15393 0.105972271413284 1.00000000
12094011 8132182 8133794 15393 0.102086740169392 1.00000000
12094012 8133910 8134195 15393 0.0159692808347454 1.00000000
12094013 8134318 8136008 15393 0.098629538119985 1.00000000
12094014 8136146 8137913 15393 0.0979246132678321 1.00000000
12094015 8138793 8139420 15393 0.0311085055722381 1.00000000
12094016 8139556 8141443 15393 0.0918242779076673 1.00000000
12094017 8141594 8142920 15393 0.0599990508865615 1.00000000
12094018 8143135 8144394 15393 0.0579146991132265 1.00000000
12094019 8144537 8144784 15393 0.00990550511829038 1.00000000
12094020 8144909 8146934 15393 0.0886916046771568 1.00000000
12094021 8147240 8148146 15393 0.0364879335589732 1.00000000
12094022 8149033 8150337 15393 0.0514611585424421 1.00000000
12094024 8150494 8152320 15393 0.0700986623068277 1.00000000
12094025 8152506 8152904 15393 0.0151684189036489 1.00000000
12094026 8153053 8153927 15393 0.0334026468109367 1.00000000
12094060 8193998 8195296 15397 0.0979186430587627 1.00000000
12094061 8195458 8196877 15397 0.095712178906392 1.00000000
12094062 8197026 8198494 15397 0.0952551177975157 1.00000000
12094063 8198679 8200169 15397 0.0913950353868778 1.00000000
12094064 8200330 8201876 15397 0.0900646720137999 1.00000000
12094065 8202022 8203814 15397 0.0885311807777017 1.00000000
12095005 8205005 8206690 15397 0.0895236603189195 1.00000000
12095006 8206889 8208050 15397 0.0608471682705045 1.00000000
12095008 8208427 8209703 15397 0.0660775121308901 1.00000000
12095010 8210087 8210758 15397 0.0335539944751028 1.00000000
12095011 8210908 8211210 15397 0.0147396980097911 1.00000000
12095012 8211369 8211658 15397 0.013204612378215 1.00000000
12095013 8211781 8212041 15397 0.0122952211298555 1.00000000
12095021 8216336 8217921 15397 0.0723972934953122 1.00000000
12095022 8218036 8218264 15397 0.00986665721813299 1.00000000
12095023 8218423 8220279 15397 0.0801309878966364 1.00000000
12095038 8255471 8257272 15399 0.133357674688958 1.00000000
12095039 8257440 8258750 15399 0.0912676198829663 1.00000000
12095041 8258901 8259116 15399 0.00271120519092139 1.00000000
12095042 8259273 8259587 15399 0.0187334111548987 1.00000000
12095043 8259719 8261231 15399 0.0953187465997903 1.00000000
12095044 8261416 8262150 15399 0.0309212604525198 1.00000000
12095045 8262294 8263256 15399 0.0535539022295724 1.00000000
12095046 8263599 8264417 15399 0.0426997613000409 1.00000000
12095050 8265343 8265789 15399 0.0216554241150766 1.00000000
12095052 8266072 8268138 15399 0.102485654657101 1.00000000
12095054 8269053 8271200 15399 0.0918266902733431 1.00000000
12095055 8271459 8271696 15399 0.000752931500850916 1.00000000
12095056 8271800 8273597 15399 0.0691940822243184 1.00000000
12095057 8273642 8275314 15399 0.0630387894504725 1.00000000
12095058 8275436 8276258 15399 0.0243324166499543 1.00000000
12095059 8276365 8278141 15399 0.0608558294716856 1.00000000
12095060 8278273 8279978 15399 0.0586065845581293 1.00000000
12095061 8280145 8280368 15399 0.00694414133294845 1.00000000
12095063 8281450 8281682 15399 0.00725225059191382 1.00000000
12096005 8301766 8303157 15402 0.113959184723139 1.00000000
12096006 8303324 8304720 15402 0.112283295114448 1.00000000
12096014 8315579 8316962 15403 0.114813202335801 1.00000000
12096015 8317125 8318554 15403 0.110370955422358 1.00000000
12096016 8318718 8320044 15403 0.0912284131859401 1.00000000
12096017 8320213 8320878 15403 0.00668938479271871 1.00000000
12096018 8321020 8321734 15403 0.00692474723664585 1.00000000
12096019 8321874 8322498 15403 0.00654424224609105 1.00000000
12096020 8322635 8322829 15403 0.00242483043943724 1.00000000
12096021 8322952 8323355 15403 0.0237257371858688 1.00000000
12096023 8323672 8323981 15403 0.020076133091064 1.00000000
12096024 8324131 8325107 15403 0.0618364197409589 1.00000000
12096025 8325236 8325795 15403 0.0341509754228062 1.00000000
12096026 8325922 8327704 15403 0.104337615210054 1.00000000
12096027 8327875 8329663 15403 0.100374789630341 1.00000000
12096028 8329858 8331939 15403 0.0989487044131226 1.00000000
12096029 8332118 8333978 15403 0.0948251372439872 1.00000000
12096030 8334128 8334954 15403 0.0408086746888237 1.00000000
12096031 8335102 8335208 15403 0.00468274006108414 1.00000000
12096032 8335384 8337291 15403 0.0914150485472288 1.00000000
12096033 8337458 8338220 15403 0.0354365691805093 1.00000000
12096034 8338361 8340340 15403 0.0887539366931651 1.00000000
12096047 8354349 8354630 15404 0.0226723919111221 1.00000000
12096048 8354768 8354962 15404 0.0140669931059723 1.00000000
12096049 8355075 8355196 15404 0.00513575394693914 1.00000000
12096056 8371743 8371836 15408 0.00558301250829339 1.00000000
12096057 8371877 8372364 15408 0.0411341273785481 1.00000000
12096058 8372518 8372813 15408 0.028556639126536 1.00000000
12096059 8372946 8373542 15408 0.0595032808903006 1.00000000
12096060 8373672 8375028 15408 0.129343608526697 1.00000000
12096061 8375293 8376731 15408 0.131786609035781 1.00000000
12096062 8376900 8377290 15408 0.0336817220488729 1.00000000
12097002 8378985 8379305 15408 0.0109649231058806 1.00000000
12097003 8379455 8380955 15408 0.122839656252774 1.00000000
12097004 8381115 8381798 15408 0.0542130577412135 1.00000000
12097007 8383026 8384241 15408 0.0924686382129798 1.00000000
12097008 8384416 8385920 15408 0.110448406973539 1.00000000
12097009 8386087 8386358 15408 0.0192174038064454 1.00000000
12097010 8386542 8388063 15408 0.107409318211078 1.00000000
12097011 8388226 8389784 15408 0.105290792193631 1.00000000
12097012 8389908 8391353 15408 0.0813012251687298 1.00000000
12097013 8391503 8393127 15408 0.103198362408523 1.00000000
12097016 8393785 8395529 15408 0.10443793858598 1.00000000
12097017 8395675 8397444 15408 0.103099238308152 1.00000000
12097018 8397612 8399383 15408 0.0997299418680171 1.00000000
12097019 8399622 8401474 15408 0.099687933582402 1.00000000
12097020 8401692 8402722 15408 0.0557525506316157 1.00000000
12097021 8403077 8403817 15408 0.0398744721964604 1.00000000
12097022 8403948 8404191 15408 0.0120211141915615 1.00000000
12098008 8473052 8474398 15419 0.122668245377114 1.00000000
12098009 8474566 8475115 15419 0.0447547997168022 1.00000000
12098010 8475236 8476678 15419 0.119785500238287 1.00000000
12098012 8477149 8478650 15419 0.118758103015614 1.00000000
12098013 8478816 8480001 15419 0.0815712862393193 1.00000000
12098014 8480336 8481012 15419 0.0499693874865318 1.00000000
12098017 8481959 8483587 15419 0.113438503897346 1.00000000
12098018 8483722 8485390 15419 0.112351434830227 1.00000000
12098019 8485537 8487230 15419 0.110094718904795 1.00000000
12098020 8487366 8489091 15419 0.108727100407073 1.00000000
12098021 8489230 8491049 15419 0.110846234146047 1.00000000
12098022 8491199 8492352 15419 0.0675621701177818 1.00000000
12098023 8492501 8492528 15419 0.000961807986571856 1.00000000
12098030 8495087 8496401 15419 0.0746028208114248 1.00000000
12098031 8496583 8497519 15419 0.0505278897247097 1.00000000
