12079025
12079026
12079027
12079028
12079030
12079031
12079037
12079038
12079040
12079042
12079043
12079045
12079046
12079047
12080001
12080004
12080010
12080011
12080012
12080017
12080018
12080020
12080052
12080053
12080054
12080055
12080058
12080059
12080062
12080066
12080067
12080068
12080069
12081011
12081012
12081050
12081052
12081054
12081055
12081056
12081057
12081069
12082001
12082003
12082007
12082022
12082023
12082024
12083009
12083010
12083011
12083012
12083013
12083014
12083016
12083017
12083018
12083019
12083020
12083021
12083022
12083024
12083050
12083053
12083054
12083055
12083056
12083057
12083058
12083059
12083060
12083061
12084002
12084008
12084009
12084010
12084011
12084013
12084014
12084016
12084017
12084018
12085023
12085025
12085027
12085028
12085029
12085030
12085031
12086002
12086004
12086005
12086007
12086032
12086033
12086035
12086036
12086037
12086038
12086039
12086040
12086041
12086042
12086046
12086047
12087002
12087003
12087005
12087012
12087025
12087026
12087027
12087054
12087080
12087084
12087095
12087096
12087097
12087098
12087099
12087100
12088030
12088031
12088032
12088033
12088034
12088035
12088075
12088076
12088086
12088087
12088088
12089011
12089084
12089085
12089087
12089089
12090002
12090006
12090007
12090009
12090010
12090011
12090019
12090022
12090042
12090046
12090048
12090049
12090050
12090051
12090052
12090054
12090055
12090060
12091003
12091005
12091006
12091007
12091009
12091011
12091012
12091013
12091016
12091017
12091019
12091021
12091023
12091024
12091040
12091042
12091043
12091044
12091045
12091046
12091049
12091051
12091052
12092002
12092003
12092005
12092011
12092019
12092020
12092047
12093001
12093002
12093003
12093004
12093006
12093007
12093008
12093010
12093011
12093021
12093022
12093023
12093024
12093029
12093031
12093032
12093033
12093034
12093039
12093040
12093042
12093044
12093049
12093050
12093051
12094008
12094009
12094010
12094011
12094013
12094014
12094015
12094016
12094020
12094022
12094024
12094026
12094060
12094061
12094062
12094063
12094064
12094065
12095005
12095006
12095008
12095018
12095021
12095023
12095037
12095038
12095043
12095052
12095054
12095056
12095057
12095059
12095060
12095064
12096005
12096011
12096014
12096015
12096024
12096026
12096027
12096028
12096029
12096030
12096032
12096033
12096034
12096046
12096057
12096059
12096060
12096061
12097001
12097003
12097004
12097007
12097008
12097010
12097011
12097013
12097016
12097017
12097018
12097019
12097021
12098007
12098008
12098010
12098012
12098014
12098016
12098017
12098018
12098019
12098020
12098021
12098022
12098030
12098031
